initial test cost: 0.2305886904393731 initial test accuracy: 11.35 %
initial training cost: 0.22593028037561472  initial training accuracy: 11.236666666666666 %
0 0.9065784814842172 0.3353099850007263 2.7037026096382233 0.2
200 0.07043643167896406 0.03636785947907033 1.9367769422750922 0.2
400 0.10366887411159995 0.06698043525597847 1.547748588306565 0.2
600 0.061788942928317825 0.0217174651279874 2.845126839811987 0.2
800 0.037967669079180505 0.01601258594438208 2.3711141480243696 0.2
1000 0.058848393006195016 0.024288540461141594 2.422887167730171 0.2
1200 0.019627831984300004 0.007870877102031963 2.493728682313289 0.2
1400 0.12208631154460978 0.0680957854306376 1.7928614931531548 0.2
1600 0.03948989397351086 0.010504312208627084 3.759398348906482 0.2
1800 0.013858924865872235 0.007426132951598694 1.8662371056646236 0.2
initial and final training cost:  0.894795595260946 0.034953827165752405
test cost: 0.03508634473205608  test accuracy: 95.01 %
